4694481
4253465
54674244
33004270
36233659
41351344
53282918
58098523
18425832
39097298
57984825
37261222
3268329
58356462
58075197
55611665
3763296
54919528
54702025
39689700
56981623
37106716
22575220
34758382
28705530
27406290
40489861
33189467
53924558
58620919
63760432
52860187
54574190
16476442
20709053
16581076
42117523
59868367
65961809
28597758
63440666
60989719
57539451
35481081
11264688
54452327
43374279
59821014
41657611
58424785
58479625
19900494
59071593
58694109
54941011
45394430
39619050
58663725
56965943
57991172
56614654
58550532
36085061
39252297
55334921
26641764
56649851
56301016
48777266
55914166
52126516
61520612
51358045
34286891
58121756
55939561
60686831
31612701
61209698
58184574
59848178
44930031
57990806
47759267
18165051
45324103
58215453
46198982
30820551
46452648
47912092
59419025
62167058
58985924
49606629
61275403
58368752
50334353
60428187
56334904
