116605
19601
26688
20001
26439
20713
25988
102096
48533
28941
151045
20292
20315
74065
50836
59968
155086
24404
45409
20614
140293
26819
19684
98667
64210
23336
21915
27993
155610
88813
155493
82654
31939
42570
113887
28115
151303
133441
158037
21025
155171
155538
46687
32800
43429
47119
137473
132824
59624
120523
79783
153897
115011
93893
81411
114785
152576
91763
39404
44586
73627
84759
20446
102521
27252
20963
63847
67535
54049
97378
31676
153567
41734
20463
71412
44391
141176
22444
151160
59364
133178
26955
44567
21258
21960
21655
61710
81262
19919
104174
151813
124995
153784
112223
140095
154682
72028
124502
139249
52450
